2606.06474
2606.06473
2606.06470
2606.06468
2606.06462
2606.06460
2606.06454
2606.06448
2606.06337
2606.06324
2606.06492
2606.06481
2606.06388
2606.06322
2606.06479
2606.06302
2606.06301
2606.06284
2606.06275
2606.06252
2606.06219
2606.06214
2606.06212
2606.06203
2606.06197
2606.06294
2606.06242
2606.06217
2606.06147
2606.06133
2606.06096
2606.06094
2606.06076
2606.06056
2606.06034
2606.06027
2606.06025
2606.06021
2606.05998
2606.05922
2606.05805
2606.05920
2606.05806
2606.05792
2606.05785
2606.05784
2606.05770
2606.05728
2606.05720
2606.05705
2606.05684
2606.05670
2606.05654
2606.05651
2606.05647
2606.05646
2606.05608
2606.05702
2606.05661
2606.05602
2606.05533
2606.05525
2606.05493
2606.05418
2606.05413
2606.05408
2606.05404
2606.05402
2606.05400
2606.05396
2606.05391
2606.05389
2606.05339
2606.05334
2606.05304
2606.05296
2606.05158
2606.05150
2606.05130
2606.05114
2606.05261
2606.05037
2606.04993
2606.04990
2606.04967
2606.05252
2606.04923
2606.04922
2606.04903
2606.04877
2606.05250
2606.04816
2606.04799
2606.04781
2606.04769
2606.04752
2606.04743
2606.04739
2606.04716
2606.04705
2606.04704
2606.04669
2606.04594
2606.04581
2606.04535
2606.04494
2606.04493
2606.04484
2606.04473
2606.04468
2606.04465
2606.04419
2606.04409
2606.04402
2606.04397
2606.04394
2606.04391
2606.04373
2606.04350
2606.04317
2606.04314
2606.04310
2606.04296
2606.04273
2606.04246
2606.04236
2606.05228
2606.04123
2606.04121
2606.04104
2606.03965
2606.03938
2606.03907
2606.03895
2606.03870
2606.03852
2606.03841
2606.03814
2606.03811
2606.03803
2606.03800
2606.03770
2606.03755
2606.03748
2606.03743
2606.03705
2606.03691
2606.03662
2606.03647
2606.03641
2606.03628
2606.03618
2606.03608
2606.03606
2606.03602
2606.03601
2606.03593
2606.03568
2606.03518
2606.04057
2606.03489
2606.03483
2606.04056
2606.03467
2606.03465
2606.03461
2606.03427
2606.03394
2606.03391
2606.04053
2606.03382
2606.03378
2606.03364
2606.03349
2606.04050
2606.04047
2606.03330
2606.03329
2606.03328
2606.03288
2606.04046
2606.03269
2606.03260
2606.03252
2606.03201
2606.03115
2606.03108
2606.04039
2606.03083
2606.03066
2606.05574
2606.05548
2606.05499
2606.05058
2606.05008
2606.05001
2606.04906
2606.05249
2606.04460
2606.05238
2606.04455
2606.04261
2606.04205
2606.04126
2606.03906
2606.03657
2606.03626
2606.03203
2606.03103
2606.09800
2606.09774
2606.09767
2606.09758
2606.09751
2606.09748
2606.09645
2606.09637
2606.09613
2606.09605
2606.09577
2606.09528
2606.09508
2606.09500
2606.09416
2606.09395
2606.09365
2606.09182
2606.09159
2606.09135
2606.09132
2606.09123
2606.09122
2606.09117
2606.09090
2606.09086
2606.09062
2606.09060
2606.09052
2606.09030
2606.08998
2606.08970
2606.08935
2606.08904
2606.08898
2606.08896
2606.08854
2606.08850
2606.08847
2606.08824
2606.08806
2606.08804
2606.08797
2606.08793
2606.08790
2606.08770
2606.08710
2606.08676
2606.08610
2606.08596
2606.08590
2606.08588
2606.08553
2606.08552
2606.08545
2606.08530
2606.08500
2606.08497
2606.08467
2606.08450
2606.08444
2606.08433
2606.08432
2606.08405
2606.08400
2606.08382
2606.08324
2606.08323
2606.08269
2606.08191
2606.08167
2606.08151
2606.08146
2606.08135
2606.08096
2606.08094
2606.08063
2606.08049
2606.08037
2606.08016
2606.07999
2606.07998
2606.07996
2606.07992
2606.07970
2606.07968
2606.07936
2606.07904
2606.07894
2606.07859
2606.07834
2606.07831
2606.07830
2606.07828
2606.07810
2606.07809
2606.07808
2606.07491
2606.07448
2606.07437
2606.07422
2606.07412
2606.07720
2606.07718
2606.07393
2606.07713
2606.07299
2606.07710
2606.07709
2606.07186
2606.07108
2606.07705
2606.07102
2606.07094
2606.07085
2606.07080
2606.07036
2606.07001
2606.06943
2606.06923
2606.06915
2606.06912
2606.06877
2606.06843
2606.06838
2606.06826
2606.06821
2606.07683
2606.09426
2606.09323
2606.09125
2606.09004
2606.08840
2606.08481
2606.08465
2606.08367
2606.08340
2606.08272
2606.08034
2606.08018
2606.07953
2606.07853
2606.07792
2606.07732
2606.07363
2606.07314
2606.07297
2606.07131
2606.06959
2606.07682
2606.11166
2606.11132
2606.11117
2606.11106
2606.11074
2606.11051
2606.11035
2606.11033
2606.11007
2606.10945
2606.10937
2606.10934
2606.10933
2606.10928
2606.10925
2606.10882
2606.10880
2606.10861
2606.10851
2606.10846
2606.10829
2606.10799
2606.10752
2606.10749
2606.10747
2606.10713
2606.10702
2606.10683
2606.10662
2606.10601
2606.10598
2606.10587
2606.10572
2606.10532
2606.10466
2606.10465
2606.10448
2606.10417
2606.10389
2606.10368
2606.10334
2606.10320
2606.10311
2606.10298
2606.10276
2606.10264
2606.10244
2606.10237
2606.10211
2606.10209
2606.10196
2606.10147
2606.10106
2606.09961
2606.09958
2606.09957
2606.09956
2606.09949
2606.09940
2606.09937
2606.09931
2606.09919
2606.11150
2606.11120
2606.11070
2606.11042
2606.10956
2606.10862
2606.10852
2606.10738
2606.10728
2606.10388
2606.10290
2606.10246
2606.10156
2606.09942
2606.09908
2606.12412
2606.12406
2606.12387
2606.12329
2606.12320
2606.12289
2606.12281
2606.12252
2606.12243
2606.12231
2606.12212
2606.12207
2606.12200
2606.12109
2606.12064
2606.12040
2606.12025
2606.11976
2606.11926
2606.11922
2606.11916
2606.11915
2606.11874
2606.11869
2606.11863
2606.11837
2606.11834
2606.11831
2606.11817
2606.11815
2606.11793
2606.11769
2606.11755
2606.11722
2606.11719
2606.11671
2606.11657
2606.11628
2606.11614
2606.11560
2606.11543
2606.11537
2606.11476
2606.11463
2606.11462
2606.11456
2606.11442
2606.11379
2606.11357
2606.11356
2606.11324
2606.12169
2606.11901
2606.11637
2606.11520
2606.11416
2606.13673
2606.13662
2606.13598
2606.13580
2606.13535
2606.13503
2606.13486
2606.13468
2606.13449
2606.13400
2606.13392
2606.13380
2606.13368
2606.13298
2606.13288
2606.13258
2606.13233
2606.13196
2606.13175
2606.13171
2606.13126
2606.13119
2606.13097
2606.13054
2606.13038
2606.13037
2606.13003
2606.12991
2606.12986
2606.12983
2606.12976
2606.12953
2606.12942
2606.12935
2606.12918
2606.12916
2606.12900
2606.12828
2606.12703
2606.12647
2606.12592
2606.12550
2606.12485
2606.12481
2606.12479
2606.13647
2606.13572
2606.13571
2606.13239
2606.13192
2606.13141
2606.12871
2606.12864
2606.12809
2606.12620
2606.17037
2606.16999
2606.16996
2606.16988
2606.16987
2606.16974
2606.16965
2606.16886
2606.16847
2606.16842
2606.16839
2606.16837
2606.16769
2606.16725
2606.16707
2606.16692
2606.16670
2606.16652
2606.16650
2606.16603
2606.16590
2606.16567
2606.16558
2606.16465
2606.16440
2606.16364
2606.16337
2606.16328
2606.16313
2606.16292
2606.16246
2606.16244
2606.16234
2606.16231
2606.16201
2606.16162
2606.16152
2606.16118
2606.16093
2606.16074
2606.16070
2606.16042
2606.16038
2606.15994
2606.15972
2606.15954
2606.15943
2606.15906
2606.15880
2606.15874
2606.15834
2606.15831
2606.15828
2606.15821
2606.15819
2606.15817
2606.15796
2606.15762
2606.15712
2606.15611
2606.15594
2606.15589
2606.15582
2606.15576
2606.15559
2606.15553
2606.15549
2606.15535
2606.15527
2606.15507
2606.15500
2606.15485
2606.15480
2606.15447
2606.15390
2606.15376
2606.15349
2606.15348
2606.15307
2606.15288
2606.15284
2606.15283
2606.15273
2606.15260
2606.15251
2606.15231
2606.15207
2606.15122
2606.15084
2606.15080
2606.15029
2606.14975
2606.14971
2606.14948
2606.14924
2606.14677
2606.14672
2606.14618
2606.14616
2606.14607
2606.14594
2606.14589
2606.14554
2606.14517
2606.14470
2606.14466
2606.14445
2606.14357
2606.14327
2606.14284
2606.14261
2606.14233
2606.14218
2606.14210
2606.14202
2606.14188
2606.14164
2606.14125
2606.14120
2606.14113
2606.14066
2606.14061
2606.13968
2606.14805
2606.13918
2606.13882
2606.16868
2606.16827
2606.16802
2606.16723
2606.16613
2606.16605
2606.16262
2606.16127
2606.16072
2606.16062
2606.16003
2606.15899
2606.15883
2606.15385
2606.15300
2606.15258
2606.15209
2606.15107
2606.14867
2606.14240
2606.14119
2606.14094
2606.14031
2606.14027
2606.18237
2606.18168
2606.18144
2606.18092
2606.18063
2606.18023
2606.17989
2606.17981
2606.17972
2606.17952
2606.17930
2606.17929
2606.17927
2606.17924
2606.17915
2606.17867
2606.17851
2606.17847
2606.17819
2606.17799
2606.17711
2606.17702
2606.17687
2606.17666
2606.17664
2606.17648
2606.17642
2606.17612
2606.17593
2606.17588
2606.17555
2606.17514
2606.17510
2606.17508
2606.17507
2606.17454
2606.17398
2606.17387
2606.17374
2606.17269
2606.17261
2606.17209
2606.17203
2606.17197
2606.17164
2606.17127
2606.17099
2606.17094
2606.17090
2606.18142
2606.17826
2606.17798
2606.17727
2606.17698
2606.17696
2606.17437
2606.17412
2606.17283
2606.20560
2606.20526
2606.20444
2606.20436
2606.20388
2606.20373
2606.20324
2606.20295
2606.20255
2606.20244
2606.20243
2606.20230
2606.20209
2606.20189
2606.20173
2606.20158
2606.20135
2606.20129
2606.20128
2606.20120
2606.20076
2606.20058
2606.19992
2606.19980
2606.19824
2606.19814
2606.19799
2606.19795
2606.19782
2606.19753
2606.19741
2606.19729
2606.19725
2606.19704
2606.19654
2606.19644
2606.19616
2606.19605
2606.19579
2606.19527
2606.19475
2606.19474
2606.19469
2606.19464
2606.19419
2606.19317
2606.19279
2606.19242
2606.19236
2606.19216
2606.19409
2606.19167
2606.19121
2606.19407
2606.19042
2606.19025
2606.18976
2606.18861
2606.18855
2606.18810
2606.18801
2606.18747
2606.18733
2606.18717
2606.19395
2606.18677
2606.18672
2606.18619
2606.18606
2606.18599
2606.18536
2606.18532
2606.18481
2606.18465
2606.18425
2606.18423
2606.18421
2606.18324
2606.18319
2606.19390
2606.19388
2606.19387
2606.19386
2606.18293
2606.20523
2606.20517
2606.20512
2606.20502
2606.20227
2606.20177
2606.20045
2606.20023
2606.19988
2606.19830
2606.19827
2606.19788
2606.19787
2606.19613
2606.19534
2606.19501
2606.19245
2606.19103
2606.18786
2606.18566
2606.18543
2606.18377
2606.18356
2606.17054
2606.23678
2606.23608
2606.23607
2606.23595
2606.23543
2606.23542
2606.23526
2606.23512
2606.23495
2606.23464
2606.23462
2606.23449
2606.23445
2606.23417
2606.23412
2606.23404
2606.23403
2606.23395
2606.23361
2606.23329
2606.23327
2606.23294
2606.23181
2606.23177
2606.23130
2606.23104
2606.23063
2606.23038
2606.23001
2606.22976
2606.22948
2606.22906
2606.22859
2606.22830
2606.22829
2606.22827
2606.22809
2606.22791
2606.22776
2606.22731
2606.22726
2606.22724
2606.22721
2606.22711
2606.22704
2606.22683
2606.22659
2606.22647
2606.22627
2606.22610
2606.22593
2606.22578
2606.22576
2606.22567
2606.22504
2606.22502
2606.22494
2606.22485
2606.22475
2606.22447
2606.22417
2606.22413
2606.22409
2606.22402
2606.22385
2606.22361
2606.22330
2606.22327
2606.22307
2606.22306
2606.22296
2606.22263
2606.22247
2606.22189
2606.22170
2606.22149
2606.22113
2606.22110
2606.22082
2606.21993
2606.21988
2606.21973
2606.21963
2606.21955
2606.21947
2606.21919
2606.21913
2606.21894
2606.21884
2606.21877
2606.21856
2606.21847
2606.21837
2606.21836
2606.21822
2606.21811
2606.21804
2606.21787
2606.21682
2606.21678
2606.21672
2606.21666
2606.21647
2606.21629
2606.21623
2606.21619
2606.21597
2606.21587
2606.21565
2606.21498
2606.21497
2606.21487
2606.21445
2606.21416
2606.21401
2606.21384
2606.21368
2606.21339
2606.21257
2606.21247
2606.21197
2606.21187
2606.21171
2606.21156
2606.21151
2606.23654
2606.23643
2606.23301
2606.23238
2606.23197
2606.23127
2606.23061
2606.23032
2606.22737
2606.22678
2606.22673
2606.22586
2606.22557
2606.22425
2606.22338
2606.22329
2606.22061
2606.22000
2606.21926
2606.21810
2606.21627
2606.21419
2606.21397
2606.21140
2606.21116
2606.24841
2606.24839
2606.24834
2606.24815
2606.24808
2606.24759
2606.24721
2606.24719
2606.24689
2606.24679
2606.24623
2606.24488
2606.24477
2606.24467
2606.24460
2606.24446
2606.24437
2606.24429
2606.24369
2606.24267
2606.24265
2606.24260
2606.24259
2606.24245
2606.24196
2606.24178
2606.24177
2606.24173
2606.24151
2606.24083
2606.24081
2606.24062
2606.24060
2606.24040
2606.23993
2606.23992
2606.23984
2606.23938
2606.23885
2606.23870
2606.23821
2606.23797
2606.23768
2606.23760
2606.23759
2606.23752
2606.23743
2606.23739
2606.24716
2606.24636
2606.24589
2606.24320
2606.24107
2606.24026
2606.23877
2606.24551
2606.25997
2606.25987
2606.25973
2606.25956
2606.25949
2606.25879
2606.25876
2606.25867
2606.25863
2606.25832
2606.25588
2606.25556
2606.25550
2606.25532
2606.25525
2606.25519
2606.25514
2606.25418
2606.25401
2606.25365
2606.25356
2606.25331
2606.25285
2606.25278
2606.25272
2606.25257
2606.25239
2606.25198
2606.25195
2606.25193
2606.25156
2606.25152
2606.25120
2606.25098
2606.25066
2606.24938
2606.24937
2606.25819
2606.25747
2606.25530
2606.25402
2606.25375
2606.24995
2606.27361
2606.27321
2606.27288
2606.27287
2606.27258
2606.27243
2606.27229
2606.27205
2606.27124
2606.27122
2606.27119
2606.27090
2606.27080
2606.27068
2606.27055
2606.27045
2606.27000
2606.26987
2606.26979
2606.26978
2606.26977
2606.26969
2606.26927
2606.26924
2606.26902
2606.26866
2606.26859
2606.26852
2606.26764
2606.26758
2606.26721
2606.26712
2606.26705
2606.26671
2606.26664
2606.26650
2606.26649
2606.26614
2606.26604
2606.26587
2606.26578
2606.26549
2606.26545
2606.26530
2606.26519
2606.26505
2606.26492
2606.26490
2606.26487
2606.26460
2606.26456
2606.26455
2606.26442
2606.26383
2606.26298
2606.26294
2606.26290
2606.26289
2606.26267
2606.26203
2606.26180
2606.26173
2606.26155
2606.26794
2606.26535
2606.26443
2606.26216
2606.26158
2607.02509
2607.02442
2607.02436
2607.02389
2607.02376
2607.02370
2607.02357
2607.02345
2607.02337
2607.02333
2607.02300
2607.02266
2607.02186
2607.02069
2607.02059
2607.02057
2607.02052
2607.02032
2607.02015
2607.01980
2607.01978
2607.01972
2607.01953
2607.01942
2607.01929
2607.01916
2607.01904
2607.01903
2607.01893
2607.01890
2607.01876
2607.01870
2607.01867
2607.01859
2607.01855
2607.01850
2607.01849
2607.01842
2607.01810
2607.01808
2607.01799
2607.01788
2607.01764
2607.01760
2607.01742
2607.01736
2607.01689
2607.01641
2607.01640
2607.01621
2607.01612
2607.01597
2607.01595
2607.01590
2607.01562
2607.01553
2607.01531
2607.01504
2607.01494
2607.01457
2607.01456
2607.01425
2607.01421
2607.01418
2607.01400
2607.01394
2607.01223
2607.01203
2607.01181
2607.01170
2607.01136
2607.01131
2607.01102
2607.01094
2607.01087
2607.01084
2607.01063
2607.01042
2607.00990
2607.00956
2607.00939
2607.00929
2607.00917
2607.00913
2607.00911
2607.00889
2607.00830
2607.00820
2607.00815
2607.00740
2607.00714
2607.00635
2607.00626
2607.01283
2607.00623
2607.00562
2607.00558
2607.00555
2607.00533
2607.00516
2607.00511
2607.00486
2607.00481
2607.00446
2607.00442
2607.00435
2607.00427
2607.00402
2607.00392
2607.00363
2607.00362
2607.00345
2607.00334
2607.00276
2607.00272
2607.00233
2607.00208
2607.00191
2607.00155
2607.00147
2606.32023
2606.31980
2606.31971
2606.31941
2606.31834
2606.31825
2606.31817
2606.31813
2607.02514
2607.02512
2607.02504
2607.02469
2607.02440
2607.02407
2607.02294
2607.02029
2607.01793
2607.01728
2607.01409
2607.01360
2607.01213
2607.01211
2607.01153
2607.01039
2607.00711
2607.00700
2607.00436
2607.00107
2606.32007
2606.31966
2607.05391
2607.05353
2607.05346
2607.05227
2607.05197
2607.05189
2607.05188
2607.05179
2607.05149
2607.05147
2607.05139
2607.05125
2607.05123
2607.05121
2607.05120
2607.05106
2607.05076
2607.05068
2607.05055
2607.05035
2607.05031
2607.05007
2607.04974
2607.04958
2607.04953
2607.04948
2607.04939
2607.04926
2607.04921
2607.04803
2607.04786
2607.04782
2607.04770
2607.04738
2607.04697
2607.04667
2607.04631
2607.04616
2607.04614
2607.04613
2607.04607
2607.04603
2607.04586
2607.04582
2607.04579
2607.04562
2607.04558
2607.04557
2607.04537
2607.04528
2607.04510
2607.04454
2607.04450
2607.04448
2607.04443
2607.04438
2607.04436
2607.04428
2607.04344
2607.04325
2607.04270
2607.04265
2607.04241
2607.04240
2607.04212
2607.04202
2607.04179
2607.04129
2607.04120
2607.04119
2607.04096
2607.04092
2607.04085
2607.04058
2607.04037
2607.04034
2607.04030
2607.04003
2607.03968
2607.03963
2607.03951
2607.03948
2607.03935
2607.03929
2607.03928
2607.03898
2607.03889
2607.03887
2607.03869
2607.03825
2607.03787
2607.03784
2607.03780
2607.03766
2607.03763
2607.03755
2607.03741
2607.03734
2607.03702
2607.03700
2607.03691
2607.03656
2607.03599
2607.03598
2607.03595
2607.03574
2607.03530
2607.03523
2607.03516
2607.03510
2607.03502
2607.03501
2607.03451
2607.03419
2607.03396
2607.03386
2607.03350
2607.03316
2607.03310
2607.03270
2607.03248
2607.03238
2607.03223
2607.03215
2607.03213
2607.03194
2607.03188
2607.05369
2607.05202
2607.05177
2607.04912
2607.04784
2607.04729
2607.04727
2607.04686
2607.04623
2607.04577
2607.04542
2607.04434
2607.04232
2607.04072
2607.04071
2607.03884
2607.03836
2607.03739
2607.03659
2607.03644
2607.03525
2607.03487
2607.03332
2607.06546
2607.06519
2607.06503
2607.06489
2607.06471
2607.06447
2607.06413
2607.06341
2607.06273
2607.06202
2607.06195
2607.06184
2607.06183
2607.06175
2607.06133
2607.06124
2607.06101
2607.06078
2607.06074
2607.06065
2607.06039
2607.06009
2607.06004
2607.05965
2607.05952
2607.05936
2607.05913
2607.05894
2607.05891
2607.05871
2607.05855
2607.05842
2607.05810
2607.05785
2607.05772
2607.05762
2607.05743
2607.05717
2607.05708
2607.05682
2607.05677
2607.05670
2607.05666
2607.05659
2607.05638
2607.05632
2607.05587
2607.05482
2607.05474
2607.05471
2607.06514
2607.06505
2607.06482
2607.06411
2607.06306
2607.06254
2607.06194
2607.06125
2607.06001
2607.05744
2607.05614
2607.05571
2607.05443
2607.08763
2607.08740
2607.08731
2607.08691
2607.08690
2607.08662
2607.08646
2607.08539
2607.08497
2607.08408
2607.08374
2607.08373
2607.08339
2607.08282
2607.08274
2607.08234
2607.08185
2607.08182
2607.08124
2607.08091
2607.08079
2607.08056
2607.08054
2607.08043
2607.08028
2607.08011
2607.08010
2607.07987
2607.07984
2607.07980
2607.07976
2607.07974
2607.07944
2607.07935
2607.07891
2607.07882
2607.07881
2607.07846
2607.07696
2607.07690
2607.07669
2607.07773
2607.07619
2607.07597
2607.07593
2607.07565
2607.07511
2607.07507
2607.07500
2607.07480
2607.07474
2607.07467
2607.07461
2607.07436
2607.07422
2607.07401
2607.07400
2607.07368
2607.07338
2607.07313
2607.07235
2607.07217
2607.07196
2607.07052
2607.07033
2607.07029
2607.07007
2607.06964
2607.06963
2607.06930
2607.06920
2607.06873
2607.07738
2607.06786
2607.06766
2607.06764
2607.06748
2607.06720
2607.06713
2607.06639
2607.06636
2607.06613
2607.06611
2607.06607
2607.06601
2607.06595
2607.08681
2607.08423
2607.07946
2607.07646
2607.07481
2607.07471
2607.07744
2607.06690
2607.06624
2607.11874
2607.11811
2607.11771
2607.11698
2607.11686
2607.11683
2607.11654
2607.11643
2607.11615
2607.11594
2607.11573
2607.11565
2607.11505
2607.11487
2607.11399
2607.11390
2607.11387
2607.11372
2607.11357
2607.11348
2607.11346
2607.11343
2607.11342
2607.11338
2607.11308
2607.11287
2607.11276
2607.11274
2607.11251
2607.11250
2607.11207
2607.11193
2607.11185
2607.11124
2607.11119
2607.11116
2607.11111
2607.11098
2607.11084
2607.11046
2607.11019
2607.11008
2607.10988
2607.10984
2607.10972
2607.10963
2607.10856
2607.10839
2607.10814
2607.10806
2607.10803
2607.10784
2607.10738
2607.10720
2607.10712
2607.10707
2607.10674
2607.10661
2607.10621
2607.10608
2607.10601
2607.10578
2607.10569
2607.10531
2607.10522
2607.10517
2607.10508
2607.10494
2607.10488
2607.10474
2607.10467
2607.10455
2607.10441
2607.10420
2607.10411
2607.10367
2607.10357
2607.10347
2607.10295
2607.10291
2607.10286
2607.10277
2607.10251
2607.10221
2607.10187
2607.10174
2607.10156
2607.10140
2607.10127
2607.10126
2607.10113
2607.10059
2607.10057
2607.10027
2607.10021
2607.09993
2607.09979
2607.09902
2607.09900
2607.09892
2607.09880
2607.09629
2607.09560
2607.09553
2607.09524
2607.09510
2607.09503
2607.09493
2607.09452
2607.09443
2607.09434
2607.09424
2607.09417
2607.09403
2607.09399
2607.09366
2607.09345
2607.09224
2607.09217
2607.09179
2607.09172
2607.09161
2607.09146
2607.09123
2607.09104
2607.09101
2607.09100
2607.09072
2607.09065
2607.09059
2607.09054
2607.08998
2607.08996
2607.08990
2607.11862
2607.11705
2607.11523
2607.11327
2607.11245
2607.11079
2607.11042
2607.10768
2607.10610
2607.10358
2607.10212
2607.10123
2607.10112
2607.09068
2607.09016
2607.09007
2607.13034
2607.13027
2607.13021
2607.13013
2607.12986
2607.12962
2607.12943
2607.12875
2607.12863
2607.12829
2607.12796
2607.12790
2607.12787
2607.12748
2607.12747
2607.12723
2607.12713
2607.12696
2607.12659
2607.12650
2607.12634
2607.12619
2607.12605
2607.12598
2607.12563
2607.12541
2607.12524
2607.12469
2607.12467
2607.12463
2607.12462
2607.12460
2607.12452
2607.12422
2607.12376
2607.12375
2607.12364
2607.12363
2607.12340
2607.12326
2607.12308
2607.12301
2607.12273
2607.12259
2607.12227
2607.12226
2607.12223
2607.12104
2607.12089
2607.12068
2607.12058
2607.12057
2607.12048
2607.11998
2607.11997
2607.11978
2607.11956
2607.11954
2607.11940
2607.12868
2607.12688
2607.12101
2607.12065
2607.11942
2607.14075
2607.14044
2607.14037
2607.14006
2607.13965
2607.13921
2607.13815
2607.13716
2607.13679
2607.13624
2607.13617
2607.13431
2607.13421
2607.13305
2607.13303
2607.13285
2607.13257
2607.13239
2607.13219
2607.13206
2607.13196
2607.13184
2607.13179
2607.13156
2607.13125
2607.13124
2607.13111
2607.13095
2607.13094
2607.13091
2607.13083
2607.13080
2607.13078
2607.13077
2607.13820
2607.13705
2607.13465
2607.13439
2607.13418
2607.13396
2607.13155
2607.13081
2607.15257
2607.15164
2607.15143
2607.15135
2607.15099
2607.15053
2607.15025
2607.15001
2607.14903
2607.14900
2607.14890
2607.14830
2607.14818
2607.14711
2607.14703
2607.14659
2607.14657
2607.14631
2607.14613
2607.14611
2607.14601
2607.14596
2607.14570
2607.14535
2607.14509
2607.14499
2607.14456
2607.14452
2607.14443
2607.14434
2607.14408
2607.14390
2607.14386
2607.14340
2607.14336
2607.14309
2607.14236
2607.14233
2607.14186
2607.14185
2607.14181
2607.13707
2607.14169
2607.14167
2607.14166
2607.14165
2607.14162
2607.14159
2607.14158
2607.14155
2607.15216
2607.15205
2607.15176
2607.15082
2607.14989
2607.14896
2607.14816
2607.14642
2607.14573
2607.14387
2607.14285
2607.19338
2607.19336
2607.19297
2607.19291
2607.19267
2607.19219
2607.19213
2607.19209
2607.19181
2607.19153
2607.19126
2607.19122
2607.19036
2607.19022
2607.18979
2607.18973
2607.18970
2607.18927
2607.18886
2607.18859
2607.18847
2607.18816
2607.18785
2607.18754
2607.18753
2607.18742
2607.18711
2607.18700
2607.18609
2607.18603
2607.18582
2607.18570
2607.18555
2607.18550
2607.18496
2607.18488
2607.18485
2607.18476
2607.18462
2607.18230
2607.18213
2607.18161
2607.18155
2607.18149
2607.18116
2607.18064
2607.18057
2607.18029
2607.18026
2607.17987
2607.17979
2607.17937
2607.17927
2607.17917
2607.17890
2607.17790
2607.18357
2607.18356
2607.17780
2607.17774
2607.17761
2607.17733
2607.18353
2607.17722
2607.18348
2607.17686
2607.18347
2607.17652
2607.17641
2607.18344
2607.17622
2607.17621
2607.17601
2607.17598
2607.17568
2607.17551
2607.17532
2607.17525
2607.17522
2607.17462
2607.17461
2607.17453
2607.17420
2607.17398
2607.17389
2607.17342
2607.17290
2607.17286
2607.17283
2607.17266
2607.17247
2607.17242
2607.17233
2607.17225
2607.17211
2607.17205
2607.17139
2607.17136
2607.17100
2607.17067
2607.17063
2607.17053
2607.17044
2607.17038
2607.17022
2607.17012
2607.16979
2607.16972
2607.16930
2607.16920
2607.16891
2607.16845
2607.16754
2607.16745
2607.16744
2607.16740
2607.16727
2607.16715
2607.16712
2607.16708
2607.16692
2607.16687
2607.16680
2607.16669
2607.16660
2607.16646
2607.16643
2607.16617
2607.16580
2607.16569
2607.16568
2607.19201
2607.19104
2607.19056
2607.18665
2607.18642
2607.18438
2607.18181
2607.18084
2607.17957
2607.17947
2607.17765
2607.17528
2607.17352
2607.17288
2607.17077
2607.17050
2607.16848
2607.16777
2607.16632
2607.21595
2607.21558
2607.21557
2607.21530
2607.21522
2607.21495
2607.21412
2607.21401
2607.21371
2607.21357
2607.21354
2607.21344
2607.21319
2607.21292
2607.21209
2607.21201
2607.21196
2607.21195
2607.21193
2607.21191
2607.21188
2607.21187
2607.21130
2607.21084
2607.21079
2607.21019
2607.20999
2607.20972
2607.20933
2607.20923
2607.20916
2607.20908
2607.20814
2607.20713
2607.20709
2607.20630
2607.20396
2607.20353
2607.20326
2607.20594
2607.20300
2607.20225
2607.20190
2607.20189
2607.20151
2607.20065
2607.20064
2607.20050
2607.20046
2607.19996
2607.19992
2607.19966
2607.19962
2607.19956
2607.19941
2607.19895
2607.19864
2607.19847
2607.19843
2607.19795
2607.19742
2607.19703
2607.19699
2607.19691
2607.19682
2607.19678
2607.19653
2607.19621
2607.19620
2607.19592
2607.19528
2607.19479
2607.19450
2607.19431
2607.19421
2607.21482
2607.21306
2607.21267
2607.21217
2607.20911
2607.20852
2607.20806
2607.20764
2607.20759
2607.20638
2607.19942
2607.19424
2607.24714
2607.24683
2607.24606
2607.24604
2607.24601
2607.24577
2607.24567
2607.24459
2607.24453
2607.24387
2607.24371
2607.24341
2607.24276
2607.24264
2607.24259
2607.24256
2607.24253
2607.24246
2607.24243
2607.24051
2607.24000
2607.23997
2607.23975
2607.23971
2607.23963
2607.23955
2607.23944
2607.23942
2607.23913
2607.23896
2607.23809
2607.23805
2607.23802
2607.23784
2607.23777
2607.23774
2607.23762
2607.23710
2607.23700
2607.23678
2607.23676
2607.23670
2607.23665
2607.23624
2607.23610
2607.23575
2607.23557
2607.23469
2607.23365
2607.23333
2607.23308
2607.23286
2607.23273
2607.23272
2607.23264
2607.23211
2607.23178
2607.23169
2607.23126
2607.23120
2607.23077
2607.23054
2607.23002
2607.22999
2607.22997
2607.22987
2607.22984
2607.22917
2607.22902
2607.22883
2607.22880
2607.22868
2607.22829
2607.22534
2607.22511
2607.22485
2607.22807
2607.22471
2607.22444
2607.22406
2607.22798
2607.22270
2607.22263
2607.22786
2607.22231
2607.22205
2607.22184
2607.22168
2607.22161
2607.22148
2607.22143
2607.22140
2607.22095
2607.22083
2607.22076
2607.22038
2607.22016
2607.22015
2607.22013
2607.21997
2607.21971
2607.21957
2607.22769
2607.21911
2607.21909
2607.21888
2607.21861
2607.21832
2607.22757
2607.21738
2607.24707
2607.23808
2607.23794
2607.23722
2607.23537
2607.23519
2607.23425
2607.23355
2607.23326
2607.23147
2607.23124
2607.23088
2607.22898
2607.21780
2607.27167
2607.27146
2607.27074
2607.27054
2607.26987
2607.26937
2607.26877
2607.26865
2607.26843
2607.26834
2607.26805
2607.26801
2607.26777
2607.26766
2607.26723
2607.26719
2607.26698
2607.26656
2607.26654
2607.26639
2607.26634
2607.26591
2607.26574
2607.26571
2607.26509
2607.26490
2607.26448
2607.26432
2607.26410
2607.26393
2607.26390
2607.26389
2607.26357
2607.26313
2607.26307
2607.26244
2607.26220
2607.26212
2607.26191
2607.26159
2607.26016
2607.26117
2607.25970
2607.25946
2607.25926
2607.25885
2607.25884
2607.25875
2607.25873
2607.26113
2607.25865
2607.25853
2607.25851
2607.25831
2607.26111
2607.26110
2607.25695
2607.25681
2607.25651
2607.25647
2607.25635
2607.25633
2607.25619
2607.25603
2607.25583
2607.25566
2607.25560
2607.25543
2607.25504
2607.25494
2607.25493
2607.25487
2607.25437
2607.25431
2607.25425
2607.25422
2607.25415
2607.25364
2607.26100
2607.25333
2607.25325
2607.25322
2607.25308
2607.25283
2607.25275
2607.25216
2607.25199
2607.25182
2607.25145
2607.25141
2607.25135
2607.25126
2607.25108
2607.25090
2607.25076
2607.25042
2607.25038
2607.25032
2607.25021
2607.24991
2607.24965
2607.24902
2607.24888
2607.24884
2607.24881
2607.26083
2607.23377
2607.27155
2607.27109
2607.27080
2607.26819
2607.26730
2607.26611
2607.26455
2607.26451
2607.26367
2607.26206
2607.26155
2607.25996
2607.25987
2607.25959
2607.25886
2607.25656
2607.25641
2607.25589
2607.25570
2607.25524
2607.25294
2607.25225
2607.25218
2607.25130
2607.25094
2607.24878
2607.28627
2607.28591
2607.28587
2607.28576
2607.28573
2607.28529
2607.28481
2607.28431
2607.28424
2607.28421
2607.28418
2607.28397
2607.28384
2607.28331
2607.28330
2607.28307
2607.28271
2607.28242
2607.28236
2607.28229
2607.28200
2607.28187
2607.28176
2607.28145
2607.28088
2607.28087
2607.28086
2607.28074
2607.28068
2607.28050
2607.28027
2607.28007
2607.27964
2607.27955
2607.27933
2607.27923
2607.27893
2607.27867
2607.27854
2607.27840
2607.27790
2607.27788
2607.27760
2607.27733
2607.27699
2607.27687
2607.27674
2607.27648
2607.27636
2607.27631
2607.27606
2607.27597
2607.27595
2607.27578
2607.27562
2607.27558
2607.27528
2607.27523
2607.27443
2607.27389
2607.27380
2607.27374
2607.27373
2607.27359
2607.27310
2607.27309
2607.27302
2607.27283
2607.27271
2607.27250
2607.27249
2607.28609
2607.28545
2607.28367
2607.28175
2607.28033
2607.28008
2607.27877
2607.27857
2607.27409
2607.27404
2607.27294
2608.02582
2608.02569
2608.02541
2608.02505
2608.02495
2608.02464
2608.02438
2608.02407
2608.02398
2608.02392
2608.02391
2608.02366
2608.02343
2608.02329
2608.02323
2608.02321
2608.02302
2608.02267
2608.02252
2608.02218
2608.02213
2608.02184
2608.02162
2608.02139
2608.02125
2608.02099
2608.02084
2608.02027
2608.02014
2608.01975
2608.01965
2608.01955
2608.01927
2608.01926
2608.01904
2608.01875
2608.01868
2608.01857
2608.01851
2608.01847
2608.01835
2608.01822
2608.01804
2608.01763
2608.01751
2608.01742
2608.01740
2608.01715
2608.01711
2608.01667
2608.01652
2608.01640
2608.01619
2608.01604
2608.01592
2608.01564
2608.01546
2608.01533
2608.01507
2608.01469
2608.01324
2608.01301
2608.01269
2608.01252
2608.01135
2608.01078
2608.01050
2608.01046
2608.01042
2608.01035
2608.01004
2608.01001
2608.01000
2608.00997
2608.00978
2608.00966
2608.00965
2608.00962
2608.00947
2608.00924
2608.00891
2608.00886
2608.00884
2608.00824
2608.00808
2608.00759
2608.00748
2608.00711
2608.00700
2608.00661
2608.00651
2608.00624
2608.00581
2608.00574
2608.00558
2608.00531
2608.00494
2608.00478
2608.00450
2608.00437
2608.00434
2608.00423
2608.00419
2608.00378
2608.00366
2608.00345
2608.00309
2608.00270
2608.00248
2608.00236
2608.00230
2608.00228
2608.00227
2608.00200
2608.00181
2607.29658
2607.29637
2607.29610
2608.00146
2607.29586
2607.29557
2607.29552
2607.29529
2607.29519
2607.29516
2607.29468
2607.29422
2608.00130
2607.29405
2607.29389
2607.29383
2607.29347
2608.02499
2608.02441
2608.02046
2608.02001
2608.01794
2608.01645
2608.01451
2608.01437
2608.01189
2608.01149
2608.01012
2608.00805
2608.00739
2608.00692
2608.00280
2608.00267
2607.29677
2607.29626
2608.03926
2608.03921
2608.03920
2608.03918
2608.03873
2608.03860
2608.03859
2608.03844
2608.03836
2608.03817
2608.03769
2608.03744
2608.03738
2608.03734
2608.03728
2608.03682
2608.03655
2608.03653
2608.03606
2608.03600
2608.03598
2608.03588
2608.03585
2608.03489
2608.03467
2608.03463
2608.03462
2608.03461
2608.03450
2608.03447
2608.03403
2608.03392
2608.03341
2608.03339
2608.03337
2608.03329
2608.03311
2608.03298
2608.03286
2608.03249
2608.03244
2608.03223
2608.03222
2608.03219
2608.03173
2608.03172
2608.03169
2608.03137
2608.03135
2608.03134
2608.03127
2608.03065
2608.03062
2608.03048
2608.03041
2608.03039
2608.03036
2608.03031
2608.03020
2608.03007
2608.02993
2608.02986
2608.02974
2608.02967
2608.02955
2608.02915
2608.02878
2608.02833
2608.02751
2608.02712
2608.02698
2608.02695
2608.02687
2608.02682
2608.02680
2608.02679
2608.02677
2608.02673
2608.02670
2608.02669
2608.02664
2608.02663
2608.02657
2608.02650
2608.02648
2608.02645
2608.03983
2608.03979
2608.03882
2608.03794
2608.03743
2608.03731
2608.03691
2608.03689
2608.03558
2608.03535
2608.03501
2608.03464
2608.03416
2608.03096
2608.03018
2608.02693
2608.02685
2608.02672
2608.02665
2608.06346
2608.06287
2608.06270
2608.06252
2608.06243
2608.06236
2608.06228
2608.06197
2608.06183
2608.06153
2608.06146
2608.06130
2608.06113
2608.06112
2608.06110
2608.06088
2608.06049
2608.06015
2608.05959
2608.05921
2608.05919
2608.05917
2608.05910
2608.05898
2608.05891
2608.05886
2608.05872
2608.05822
2608.05791
2608.05783
2608.05729
2608.05716
2608.05714
2608.05687
2608.05673
2608.05669
2608.05651
2608.05624
2608.05612
2608.05599
2608.05594
2608.05561
2608.05541
2608.05521
2608.05493
2608.05399
2608.05332
2608.05313
2608.05141
2608.05116
2608.05107
2608.05069
2608.05060
2608.05045
2608.05041
2608.05018
2608.04942
2608.04926
2608.04921
2608.05240
2608.05237
2608.04857
2608.04804
2608.04788
2608.04776
2608.05225
2608.04714
2608.05219
2608.04661
2608.04655
2608.04611
2608.04600
2608.04586
2608.05206
2608.05204
2608.04523
2608.04513
2608.04499
2608.04459
2608.04458
2608.04448
2608.04439
2608.04405
2608.04384
2608.04381
2608.04358
2608.04339
2608.04336
2608.04317
2608.04278
2608.04271
2608.04270
2608.04265
2608.04264
2608.04217
2608.04215
2608.04195
2608.04190
2608.04181
2608.04148
2608.04137
2608.04070
2608.04066
2608.03327
2608.04048
2608.04045
2608.02829
2608.06301
2608.06165
2608.06144
2608.06041
2608.05685
2608.05573
2608.04975
2608.04783
2608.04735
2608.05223
2608.04682
2608.04589
2608.04374
2608.04205
2608.04156
2608.04032
2608.09921
2608.09919
2608.09893
2608.09875
2608.09836
2608.09818
2608.09805
2608.09779
2608.09764
2608.09740
2608.09688
2608.09685
2608.09659
2608.09651
2608.09610
2608.09605
2608.09555
2608.09532
2608.09530
2608.09524
2608.09512
2608.09477
2608.09447
2608.09421
2608.09360
2608.09349
2608.09343
2608.09325
2608.09318
2608.09290
2608.09278
2608.09277
2608.09273
2608.09270
2608.09268
2608.09253
2608.09251
2608.09248
2608.09240
2608.09208
2608.09185
2608.09181
2608.09153
2608.09119
2608.09109
2608.08999
2608.08996
2608.08989
2608.08968
2608.08963
2608.08960
2608.08958
2608.08950
2608.08927
2608.08907
2608.08898
2608.08888
2608.08880
2608.08722
2608.08721
2608.08713
2608.08709
2608.08677
2608.08654
2608.08639
2608.08637
2608.08575
2608.08570
2608.08569
2608.08514
2608.08468
2608.08466
2608.08443
2608.08413
2608.08407
2608.08361
2608.08311
2608.08266
2608.08219
2608.08214
2608.08189
2608.08176
2608.08159
2608.08139
2608.08135
2608.08127
2608.08085
2608.08078
2608.08073
2608.08069
2608.08067
2608.08055
2608.08046
2608.08038
2608.08020
2608.07978
2608.07968
2608.07964
2608.07952
2608.07947
2608.07946
2608.07926
2608.07881
2608.07779
2608.07712
2608.07700
2608.07693
2608.07446
2608.07440
2608.07430
2608.07645
2608.07397
2608.07395
2608.07364
2608.07639
2608.07346
2608.07340
2608.07317
2608.07303
2608.07302
2608.07299
2608.07230
2608.07167
2608.07154
2608.07147
2608.07138
2608.07135
2608.07627
2608.07076
2608.07068
2608.07067
2608.07040
2608.09930
2608.09802
2608.09799
2608.09673
2608.09412
2608.09393
2608.09374
2608.09296
2608.09281
2608.09230
2608.09072
2608.09068
2608.08830
2608.08736
2608.08727
2608.08512
2608.07437
2608.07353
2608.13560
2608.13558
2608.13547
2608.13517
2608.13476
2608.13459
2608.13450
2608.13415
2608.13404
2608.13322
2608.13317
2608.13292
2608.13262
2608.13240
2608.13200
2608.13191
2608.13087
2608.13076
2608.13069
2608.13057
2608.13031
2608.13029
2608.12970
2608.12936
2608.12926
2608.12906
2608.12895
2608.12859
2608.12836
2608.12771
2608.12750
2608.12529
2608.12522
2608.12476
2608.12311
2608.12307
2608.12249
2608.12228
2608.12218
2608.12443
2608.12440
2608.12144
2608.12123
2608.12036
2608.12025
2608.11980
2608.12429
2608.11965
2608.11905
2608.11891
2608.11886
2608.11802
2608.11775
2608.11766
2608.11749
2608.11744
2608.11698
2608.11694
2608.11674
2608.11661
2608.11580
2608.11513
2608.11454
2608.11394
2608.11386
2608.11345
2608.11340
2608.11335
2608.11323
2608.11191
2608.11166
2608.11095
2608.11285
2608.10983
2608.10964
2608.10934
2608.10915
2608.10882
2608.10837
2608.10812
2608.10807
2608.11282
2608.10795
2608.10785
2608.10775
2608.10766
2608.11277
2608.10760
2608.10755
2608.10730
2608.10710
2608.10703
2608.10650
2608.10622
2608.11274
2608.10613
2608.10605
2608.10601
2608.10579
2608.10553
2608.10530
2608.10504
2608.10492
2608.10450
2608.10447
2608.10438
2608.10319
2608.10315
2608.10314
2608.10290
2608.10265
2608.10248
2608.10214
2608.10196
2608.10178
2608.10157
2608.10103
2608.10101
2608.10090
2608.10045
2608.10043
2608.09138
2608.10025
2608.13522
2608.13077
2608.12851
2608.12518
2608.12282
2608.12262
2608.12246
2608.12004
2608.11941
2608.11741
2608.11683
2608.11469
2608.11002
2608.10906
2608.10692
2608.10679
2608.10589
2608.10444
2608.10366
2608.16806
2608.16801
2608.16798
2608.16797
2608.16742
2608.16733
2608.16696
2608.16681
2608.16663
2608.16651
2608.16643
2608.16630
2608.16628
2608.16622
2608.16618
2608.16596
2608.16594
2608.16580
2608.16556
2608.16526
2608.16465
2608.16438
2608.16435
2608.16430
2608.16425
2608.16411
2608.16381
2608.16357
2608.16354
2608.16318
2608.16302
2608.16273
2608.16262
2608.16239
2608.16237
2608.16211
2608.16207
2608.16187
2608.16178
2608.16112
2608.16111
2608.16045
2608.16016
2608.15975
2608.15964
2608.15932
2608.15930
2608.15917
2608.15893
2608.15886
2608.15857
2608.15803
2608.15776
2608.15726
2608.15693
2608.15678
2608.15668
2608.15636
2608.15632
2608.15614
2608.15602
2608.15595
2608.15591
2608.15579
2608.15574
2608.15559
2608.15549
2608.15546
2608.15510
2608.15491
2608.15475
2608.15454
2608.15412
2608.15384
2608.15369
2608.15349
2608.15264
2608.15260
2608.15250
2608.15188
2608.15145
2608.15138
2608.15135
2608.15117
2608.15113
2608.15110
2608.15089
2608.15082
2608.15071
2608.15043
2608.15018
2608.14992
2608.14953
2608.14881
2608.14876
2608.14838
2608.14827
2608.14804
2608.14791
2608.14527
2608.14490
2608.14481
2608.14472
2608.14396
2608.14392
2608.14370
2608.14352
2608.14771
2608.14770
2608.14339
2608.14330
2608.14315
2608.14264
2608.14252
2608.14212
2608.14172
2608.14136
2608.14130
2608.14128
2608.14074
2608.14065
2608.14028
2608.14021
2608.14011
2608.13958
2608.13951
2608.13940
2608.13928
2608.13925
2608.13900
2608.13884
2608.13883
2608.13867
2608.13790
2608.13784
2608.16638
2608.16539
2608.16022
2608.15425
2608.15242
2608.15092
2608.14863
2608.14441
2608.14270
2608.14131
2608.14063
2608.14032
2608.13990
2608.13939
2608.14742
2608.18050
2608.18039
2608.18036
2608.17993
2608.17965
2608.17956
2608.17947
2608.17928
2608.17834
2608.17829
2608.17824
2608.17741
2608.17738
2608.17719
2608.17694
2608.17642
2608.17632
2608.17628
2608.17588
2608.17571
2608.17564
2608.17546
2608.17542
2608.17530
2608.17528
2608.17515
2608.17504
2608.17401
2608.17396
2608.17393
2608.17344
2608.17306
2608.17304
2608.17284
2608.17282
2608.17275
2608.17255
2608.17253
2608.17214
2608.17195
2608.17177
2608.17170
2608.17159
2608.17075
2608.17071
2608.17029
2608.17018
2608.17009
2608.17007
2608.16984
2608.16970
2608.17671
2608.17293
2608.19197
2608.19190
2608.19181
2608.19147
2608.19140
2608.19125
2608.19072
2608.19029
2608.18936
2608.18933
2608.18931
2608.18836
2608.18822
2608.18795
2608.18779
2608.18744
2608.18733
2608.18696
2608.18665
2608.18645
2608.18579
2608.18565
2608.18522
2608.18516
2608.18480
2608.18445
2608.18409
2608.18398
2608.18389
2608.18376
2608.18360
2608.18280
2608.18272
2608.18261
2608.18186
2608.18180
2608.18173
2608.18167
2608.18988
2608.18595
2608.18588
2608.18423
2608.18329
2608.18289
2608.20314
2608.20274
2608.20271
2608.20201
2608.20195
2608.20169
2608.20167
2608.20087
2608.19973
2608.19960
2608.19882
2608.19854
2608.19848
2608.19838
2608.19784
2608.19776
2608.19762
2608.19759
2608.19752
2608.19738
2608.19719
2608.19703
2608.19674
2608.19626
2608.19520
2608.19510
2608.19509
2608.19487
2608.19475
2608.19347
2608.19303
2608.19269
2608.19263
2608.20318
2608.20237
2608.20009
2608.19799
2608.19583
2608.19460
2608.23566
2608.23552
2608.23551
2608.23501
2608.23497
2608.23493
2608.23400
2608.23395
2608.23377
2608.23370
2608.23363
2608.23341
2608.23308
2608.23283
2608.23282
2608.23280
2608.23259
2608.23253
2608.23158
2608.23149
2608.23146
2608.23120
2608.23118
2608.23115
2608.23114
2608.23104
2608.23084
2608.23041
2608.23001
2608.22978
2608.22971
2608.22960
2608.22938
2608.22930
2608.22920
2608.22908
2608.22839
2608.22752
2608.22708
2608.22652
2608.22646
2608.22638
2608.22538
2608.22529
2608.22512
2608.22449
2608.22389
2608.22383
2608.22359
2608.22354
2608.22346
2608.22345
2608.22284
2608.22275
2608.22244
2608.22207
2608.22191
2608.22167
2608.22151
2608.22141
2608.22140
2608.22137
2608.22095
2608.22090
2608.22089
2608.22081
2608.22068
2608.22063
2608.22026
2608.22004
2608.21977
2608.21964
2608.21949
2608.21946
2608.21945
2608.21942
2608.21927
2608.21925
2608.21884
2608.21867
2608.21836
2608.21796
2608.21767
2608.21747
2608.21718
2608.21712
2608.21690
2608.21646
2608.21628
2608.21584
2608.21577
2608.21558
2608.21531
2608.21516
2608.21356
2608.21341
2608.21311
2608.21310
2608.21298
2608.21503
2608.21500
2608.21252
2608.21233
2608.21221
2608.21208
2608.21189
2608.21167
2608.21156
2608.21107
2608.21101
2608.21095
2608.21074
2608.21069
2608.21489
2608.21041
2608.20974
2608.21483
2608.20913
2608.20904
2608.20903
2608.20896
2608.20887
2608.21476
2608.20797
2608.20776
2608.20771
2608.20761
2608.20756
2608.20743
2608.20690
2608.20685
2608.20678
2608.20666
2608.20643
2608.20637
2608.20628
2608.20622
2608.20597
2608.20571
2608.23564
2608.22510
2608.22388
2608.22279
2608.21833
2608.21036
2608.20918
2608.20851
2608.20664
2608.20656
2608.20574
2608.24876
2608.24857
2608.24807
2608.24804
2608.24749
2608.24735
2608.24727
2608.24720
2608.24696
2608.24672
2608.24664
2608.24658
2608.24644
2608.24641
2608.24634
2608.24574
2608.24571
2608.24568
2608.24524
2608.24500
2608.24492
2608.24473
2608.24427
2608.24411
2608.24368
2608.24358
2608.24348
2608.24342
2608.24302
2608.24291
2608.24271
2608.24269
2608.24267
2608.24250
2608.24241
2608.24221
2608.24191
2608.24188
2608.24154
2608.24135
2608.24130
2608.24087
2608.24063
2608.24042
2608.24039
2608.24024
2608.24020
2608.23962
2608.23956
2608.23953
2608.23933
2608.23928
2608.23918
2608.23897
2608.23892
2608.23873
2608.23848
2608.23842
2608.23836
2608.23771
2608.23755
2608.23754
2608.23740
2608.23691
2608.23663
2608.23397
2608.23651
2608.23649
2608.22876
2608.23632
2608.23630
2608.23628
2608.23623
2608.23622
2608.23617
2608.23616
2608.23614
2608.23611
2608.23610
2608.23609
2608.24509
2608.24252
2608.24145
2608.24086
2608.23961
2608.23653
2608.23635
2608.23619
2608.26070
2608.26051
2608.26031
2608.26005
2608.25992
2608.25955
2608.25935
2608.25927
2608.25905
2608.25880
2608.25855
2608.25793
2608.25776
2608.25775
2608.25769
2608.25768
2608.25735
2608.25677
2608.25661
2608.25657
2608.25621
2608.25573
2608.25568
2608.25550
2608.25536
2608.25518
2608.25512
2608.25500
2608.25474
2608.25457
2608.25429
2608.25428
2608.25425
2608.25403
2608.25354
2608.25348
2608.25322
2608.25291
2608.25282
2608.25258
2608.25241
2608.25198
2608.25174
2608.25142
2608.25091
2608.25088
2608.25073
2608.25053
2608.25050
2608.24962
2608.24957
2608.24955
2608.24952
2608.24944
2608.24935
2608.26105
2608.26086
2608.25973
2608.25939
2608.25934
2608.25920
2608.25417
2608.25202
2608.25158
2608.25114
2608.25071
2608.24979
2608.27451
2608.27449
2608.27442
2608.27427
2608.27406
2608.27334
2608.27311
2608.27299
2608.27234
2608.27206
2608.27196
2608.27185
2608.27184
2608.27148
2608.27146
2608.27125
2608.27100
2608.27094
2608.27089
2608.27086
2608.27077
2608.27046
2608.27021
2608.26991
2608.26990
2608.26955
2608.26885
2608.26882
2608.26807
2608.26780
2608.26753
2608.26747
2608.26746
2608.26742
2608.26699
2608.26696
2608.26614
2608.26602
2608.26588
2608.26582
2608.26557
2608.26546
2608.26519
2608.26480
2608.26418
2608.26408
2608.26400
2608.26391
2608.26385
2608.26375
2608.26345
2608.26316
2608.26295
2608.26236
2608.26235
2608.26232
2608.26229
2608.26225
2608.26222
2608.26218
2608.26215
2608.26211
2608.26209
2608.26204
2608.26200
2608.26199
2608.26197
2608.26195
2608.26193
2608.23045
2608.31142
2608.31102
2608.31076
2608.31075
2608.31062
2608.30956
2608.30922
2608.30844
2608.30818
2608.30817
2608.30803
2608.30792
2608.30756
2608.30751
2608.30731
2608.30708
2608.30701
2608.30699
2608.30682
2608.30674
2608.30672
2608.30659
2608.30648
2608.30619
2608.30581
2608.30572
2608.30564
2608.30556
2608.30553
2608.30543
2608.30532
2608.30530
2608.30527
2608.30514
2608.30497
2608.30423
2608.30399
2608.30388
2608.30386
2608.30385
2608.30345
2608.30326
2608.30319
2608.30300
2608.30250
2608.30248
2608.30234
2608.30197
2608.30192
2608.30181
2608.30179
2608.30092
2608.30051
2608.30025
2608.29995
2608.29937
2608.29912
2608.29880
2608.29851
2608.29831
2608.29808
2608.29758
2608.29716
2608.29696
2608.29675
2608.29665
2608.29640
2608.29632
2608.29622
2608.29612
2608.29596
2608.29589
2608.29588
2608.29583
2608.29543
2608.29530
2608.29513
2608.29490
2608.29477
2608.29459
2608.29458
2608.29420
2608.29387
2608.29376
2608.29355
2608.29345
2608.29313
2608.29310
2608.29290
2608.29289
2608.29286
2608.29283
2608.29270
2608.29253
2608.29252
2608.29232
2608.29204
2608.29188
2608.29160
2608.29145
2608.29139
2608.29136
2608.29128
2608.29098
2608.29096
2608.29088
2608.29054
2608.29037
2608.29026
2608.29016
2608.29012
2608.28997
2608.28990
2608.28978
2608.28972
2608.28950
2608.28930
2608.28923
2608.28919
2608.28880
2608.28875
2608.28844
2608.28814
2608.28802
2608.28800
2608.28795
2608.28790
2608.28788
2608.28766
2608.28541
2608.28726
2608.28509
2608.28498
2608.28497
2608.28490
2608.28455
2608.28421
2608.28411
2608.28403
2608.28400
2608.28396
2608.28364
2608.28281
2608.28256
2608.28230
2608.28229
2608.28198
2608.28160
2608.28156
2608.28147
